                                     coef  exp(coef)  se(coef)  coef lower 95%  coef upper 95%  exp(coef) lower 95%  exp(coef) upper 95%  cmp to         z         p   -log2(p) significance
covariate                                                                                                                                                                                   
ARID1A_DRIVER                    0.628874   1.875497  0.412838       -0.180273        1.438021             0.835042             4.212351     0.0  1.523295  0.127685   2.969341             
BRAF_DRIVER                     -0.758465   0.468385  0.632508       -1.998158        0.481227             0.135585             1.618059     0.0 -1.199140  0.230474   2.117327             
EGFR_DRIVER                      1.288046   3.625696  0.297005        0.705927        1.870166             2.025723             6.489372     0.0  4.336781  0.000014  16.077726          ***
ERBB2_DRIVER                     0.388608   1.474926  0.319138       -0.236892        1.014107             0.789077             2.756900     0.0  1.217678  0.223346   2.162646             
MET_DRIVER                      -0.376335   0.686372  0.728522       -1.804211        1.051541             0.164604             2.862059     0.0 -0.516574  0.605454   0.723911             
STK11_DRIVER                     0.502778   1.653308  0.239405        0.033552        0.972004             1.034121             2.643237     0.0  2.100111  0.035719   4.807162            *
MSI_SCORE                        0.075498   1.078422  0.039635       -0.002185        0.153182             0.997818             1.165537     0.0  1.904844  0.056800   4.137957             
FRACTION_GENOME_ALTERED         -0.223846   0.799438  0.464450       -1.134152        0.686459             0.321695             1.986669     0.0 -0.481960  0.629835   0.666955             
DNLR                             0.060948   1.062843  0.029784        0.002573        0.119322             1.002576             1.126733     0.0  2.046357  0.040721   4.618073            *
IMPACT_TMB_SCORE                -0.042095   0.958779  0.012420       -0.066438       -0.017752             0.935721             0.982405     0.0 -3.389200  0.000701  10.478365          ***
CLINICALLY_REPORTED_PD-L1_SCORE -0.010886   0.989173  0.002989       -0.016745       -0.005027             0.983394             0.994985     0.0 -3.641786  0.000271  11.850736          ***
ALBUMIN                         -0.953411   0.385424  0.227107       -1.398532       -0.508291             0.246959             0.601523     0.0 -4.198078  0.000027  15.181016          ***
AGE                             -0.003109   0.996896  0.010342       -0.023378        0.017160             0.976893             1.017308     0.0 -0.300628  0.763698   0.388926             
ECOG                             0.328246   1.388531  0.182411       -0.029273        0.685766             0.971151             1.985292     0.0  1.799483  0.071942   3.797017             
IS_FEMALE                       -0.123537   0.883789  0.180167       -0.476657        0.229584             0.620856             1.258076     0.0 -0.685680  0.492915   1.020589             

Model metrics: -600.2786
0.7225

Concordance = 0.72
Partial AIC = 1230.56
log-likelihood ratio test = 82.50 on 15 df
-log2(p) of ll-ratio test = 35.26