                                     coef  exp(coef)  se(coef)  coef lower 95%  coef upper 95%  exp(coef) lower 95%  exp(coef) upper 95%  cmp to         z         p   -log2(p) significance
covariate                                                                                                                                                                                   
IMPACT_TMB_SCORE                -0.035408   0.965212  0.011608       -0.058159       -0.012657             0.943500             0.987423     0.0 -3.050318  0.002286   8.772963           **
CLINICALLY_REPORTED_PD-L1_SCORE -0.009818   0.990230  0.002768       -0.015243       -0.004394             0.984873             0.995616     0.0 -3.547710  0.000389  11.329442          ***
ALBUMIN                         -0.947032   0.387891  0.230376       -1.398561       -0.495503             0.246952             0.609265     0.0 -4.110806  0.000039  14.630416          ***
DNLR                             0.065422   1.067609  0.029114        0.008359        0.122485             1.008394             1.130302     0.0  2.247066  0.024636   5.343100            *
FRACTION_GENOME_ALTERED         -0.344302   0.708715  0.480117       -1.285314        0.596710             0.276564             1.816135     0.0 -0.717120  0.473300   1.079174             
EGFR_DRIVER                      1.135450   3.112574  0.320143        0.507982        1.762919             1.661934             5.829426     0.0  3.546699  0.000390  11.323905          ***
CURRENT_SMOKER                  -0.261160   0.770158  0.331259       -0.910416        0.388096             0.402357             1.474171     0.0 -0.788385  0.430471   1.216010             
IS_FEMALE                        0.057129   1.058792  0.182846       -0.301244        0.415501             0.739897             1.515130     0.0  0.312442  0.754705   0.406015             
ECOG                             0.243525   1.275738  0.172773       -0.095103        0.582153             0.909279             1.789888     0.0  1.409512  0.158684   2.655773             
AGE                             -0.001426   0.998575  0.010193       -0.021403        0.018552             0.978824             1.018725     0.0 -0.139873  0.888760   0.170134             
STK11_DRIVER                     0.387633   1.473489  0.237968       -0.078775        0.854042             0.924248             2.349122     0.0  1.628931  0.103328   3.274703             
ERBB2_DRIVER                     0.412572   1.510699  0.334969       -0.243955        1.069100             0.783523             2.912756     0.0  1.231674  0.218071   2.197130             
ARID1A_DRIVER                    0.291084   1.337877  0.445529       -0.582137        1.164304             0.558703             3.203694     0.0  0.653345  0.513534   0.961468             
FORMER_SMOKER                   -0.399644   0.670559  0.321569       -1.029907        0.230620             0.357040             1.259380     0.0 -1.242793  0.213944   2.224695             

Model metrics: -624.6492
0.7156

Concordance = 0.72
Partial AIC = 1277.30
log-likelihood ratio test = 73.51 on 14 df
-log2(p) of ll-ratio test = 31.07