                                     coef  exp(coef)  se(coef)  coef lower 95%  coef upper 95%  exp(coef) lower 95%  exp(coef) upper 95%  cmp to         z         p   -log2(p) significance
covariate                                                                                                                                                                                   
EGFR_DRIVER                      1.236423   3.443274  0.299705        0.649011        1.823835             1.913647             6.195572     0.0  4.125460  0.000037  14.722134          ***
ARID1A_DRIVER                    0.658977   1.932814  0.411880       -0.148293        1.466247             0.862178             4.332945     0.0  1.599924  0.109615   3.189477             
STK11_DRIVER                     0.549603   1.732565  0.241548        0.076178        1.023027             1.079155             2.781603     0.0  2.275340  0.022886   5.449418            *
ECOG                             0.371107   1.449339  0.186244        0.006076        0.736139             1.006094             2.087858     0.0  1.992587  0.046307   4.432634            *
ERBB2_DRIVER                     0.289144   1.335284  0.327701       -0.353138        0.931426             0.702480             2.538127     0.0  0.882341  0.377592   1.405099             
MSI_SCORE                        0.070825   1.073394  0.040137       -0.007842        0.149493             0.992188             1.161245     0.0  1.764573  0.077636   3.687139             
DNLR                             0.060593   1.062467  0.030015        0.001765        0.119422             1.001766             1.126845     0.0  2.018756  0.043513   4.522425            *
AGE                             -0.001437   0.998564  0.010349       -0.021722        0.018847             0.978512             1.019026     0.0 -0.138889  0.889538   0.168872             
PACK-YEAR_HISTORY               -0.005116   0.994897  0.004308       -0.013559        0.003327             0.986532             1.003332     0.0 -1.187679  0.234960   2.089513             
CLINICALLY_REPORTED_PD-L1_SCORE -0.010971   0.989089  0.002994       -0.016840       -0.005103             0.983301             0.994910     0.0 -3.664105  0.000248  11.976181          ***
IMPACT_TMB_SCORE                -0.040667   0.960149  0.012243       -0.064663       -0.016670             0.937383             0.983468     0.0 -3.321561  0.000895  10.125575          ***
IS_FEMALE                       -0.151624   0.859311  0.180830       -0.506045        0.202796             0.602875             1.224823     0.0 -0.838491  0.401755   1.315612             
FRACTION_GENOME_ALTERED         -0.269079   0.764083  0.463795       -1.178099        0.639942             0.307863             1.896371     0.0 -0.580167  0.561802   0.831867             
MET_DRIVER                      -0.410285   0.663461  0.727885       -1.836913        1.016342             0.159308             2.763070     0.0 -0.563668  0.572980   0.803443             
BRAF_DRIVER                     -0.822968   0.439126  0.635053       -2.067650        0.421714             0.126483             1.524572     0.0 -1.295904  0.195009   2.358390             
ALBUMIN                         -1.004897   0.366083  0.229000       -1.453729       -0.556064             0.233697             0.573462     0.0 -4.388187  0.000011  16.416822          ***

Model metrics: -599.5509
0.7225

Concordance = 0.72
Partial AIC = 1231.10
log-likelihood ratio test = 83.96 on 16 df
-log2(p) of ll-ratio test = 34.86