                                     coef  exp(coef)  se(coef)  coef lower 95%  coef upper 95%  exp(coef) lower 95%  exp(coef) upper 95%  cmp to         z         p   -log2(p) significance
covariate                                                                                                                                                                                   
ARID1A_DRIVER                    0.303416   1.354478  0.444290       -0.567376        1.174208             0.567011             3.235579     0.0  0.682924  0.494655   1.015505             
BRAF_DRIVER                     -0.799244   0.449669  0.624803       -2.023835        0.425348             0.132148             1.530123     0.0 -1.279192  0.200829   2.315958             
EGFR_DRIVER                      1.252632   3.499543  0.297128        0.670272        1.834992             1.954770             6.265087     0.0  4.215801  0.000025  15.294116          ***
ERBB2_DRIVER                     0.409403   1.505919  0.334525       -0.246253        1.065059             0.781725             2.901012     0.0  1.223837  0.221014   2.177792             
MET_DRIVER                      -0.776712   0.459916  1.016647       -2.769303        1.215880             0.062706             3.373260     0.0 -0.763993  0.444871   1.168541             
STK11_DRIVER                     0.279451   1.322404  0.239489       -0.189938        0.748841             0.827010             2.114548     0.0  1.166866  0.243264   2.039403             
MSI_SCORE                       -0.054242   0.947203  0.066557       -0.184691        0.076207             0.831361             1.079186     0.0 -0.814975  0.415087   1.268515             
FRACTION_GENOME_ALTERED         -0.173266   0.840914  0.500444       -1.154118        0.807586             0.315336             2.242487     0.0 -0.346225  0.729174   0.455666             
DNLR                             0.074823   1.077694  0.028576        0.018816        0.130831             1.018994             1.139775     0.0  2.618405  0.008834   6.822687           **
IMPACT_TMB_SCORE                -0.036034   0.964608  0.011675       -0.058915       -0.013152             0.942787             0.986934     0.0 -3.086504  0.002025   8.947683           **
CLINICALLY_REPORTED_PD-L1_SCORE -0.009430   0.990614  0.002790       -0.014899       -0.003962             0.985211             0.996046     0.0 -3.379915  0.000725  10.429565          ***
ALBUMIN                         -0.871716   0.418233  0.232059       -1.326544       -0.416888             0.265393             0.659095     0.0 -3.756437  0.000172  12.502375          ***
AGE                             -0.002473   0.997530  0.010479       -0.023012        0.018066             0.977251             1.018231     0.0 -0.235957  0.813466   0.297846             
ECOG                             0.307825   1.360463  0.178296       -0.041628        0.657278             0.959227             1.929533     0.0  1.726489  0.084259   3.569018             
IS_FEMALE                        0.050651   1.051955  0.178016       -0.298255        0.399556             0.742112             1.491163     0.0  0.284528  0.776006   0.365860             

Model metrics: -623.7390
0.7116

Concordance = 0.71
Partial AIC = 1277.48
log-likelihood ratio test = 75.34 on 15 df
-log2(p) of ll-ratio test = 30.92